2.866550827993843975e-01 -5.772477466838762394e-01 -5.993724837399382332e-01 5.607262685048666206e-01 -5.665035936150623064e-01 5.111014149716933685e-01 3.464340086168192223e-01 1.204963775249758423e-01 -1.758203353568083660e+00 1.213860103512143462e+00
-4.291223472823085250e-01 7.110861279039072391e-01 -4.451765420907312365e-02 -2.617576222930283539e-03 1.267963846900632408e-01 7.315396215978273720e-01 -4.068719385823888479e-01 -2.798604904336381982e-01 5.933759039619376230e-01 -8.223348010029312150e-01
4.983968548101430085e-01 5.306364815141907387e-01 -7.363993459946520659e-01 -1.143458450053669084e+00 5.277397457433647965e-01 -2.354357885605259382e-01 1.125801475798008655e-01 2.120408262831572632e-01 -6.761007983035212110e-01 6.334921755912312769e-01
-1.209254455735345457e-01 -5.740746188637886327e-01 -1.079453594989707305e-01 -2.893009502116921650e-01 8.516713085122683546e-01 -5.572026383967515484e-01 -4.662973387433491657e-01 6.575042562834466642e-01 8.614627516141367680e-01 -1.242893382975924221e-01
-4.904272266734738261e-02 3.571110745718028556e-01 6.809624399530128658e-01 -5.846470298253242381e-01 -4.741265183024906960e-01 3.265381541425608769e-01 7.566387236752392109e-01 -7.699208613583115035e-01 5.066968849365459659e-01 -1.600269137628799632e+00
3.118012270220499871e-01 -3.433602632186889547e-01 2.959700176883121037e-01 1.040338780900528670e+00 -5.992727267922550727e-01 -1.661446542432054585e-02 -3.287876138150037097e-01 -3.996730447091095817e-02 6.045736422150550515e-01 6.847983650800456568e-01
1.112243541010869308e+00 5.974271664503286172e-02 -1.469198149299183742e-01 5.064363357735006677e-01 -5.649809332384247984e-01 3.286166576150986729e-01 -5.155532944496656889e-01 -7.307163365527030718e-01 -4.294010839562837356e-01 3.241203900628320533e-01
-1.389363641529050231e+00 8.263908423811229254e-01 -3.831699217385574618e-01 -5.227680879332886610e-01 -1.065005828377466740e-01 -8.043388577319771082e-01 1.099196010156472836e+00 1.233225551120101349e+00 -4.015473319821664111e-01 9.628845299197846819e-02
-2.122444595647611787e-01 -5.372927571780469203e-01 1.056968253096965293e+00 -4.039228220411443526e-02 3.914980855522847136e-01 3.127707790196495585e-01 -7.381824801621411636e-01 -2.200854785655775026e-01 -6.171661302918715064e-01 -4.481351340353135204e-01
-1.090730612517471776e-01 -1.447774331991071584e-01 5.235715258488418122e-01 -2.235858166333233588e-01 5.291519369896913183e-02 -4.903433105799115954e-01 2.217463177978619415e-01 7.560326594628602459e-01 5.879487836732523176e-01 -4.955042347503628708e-01
